20 172
1 2 3 4 5 6 7 8 9 10 11 12 13 14 15 16 17 18
2 4 5 6 8 9 10 11 12 13 14 15 16 17 18 19 20
3 4 5 6 7 9 10 11 12 13 14 15 16 17 18 19 20
4 5 6 7 8 9 10 11 13 14 15 16 17 18 19 20
5 6 7 8 9 11 12 13 14 15 16 19
6 7 8 9 10 11 12 13 14 15 16 17 18 20
7 8 9 10 11 12 13 14 15 16 17 18 19
8 9 10 11 12 13 14 15 16 17 18 19 20
9 10 11 12 13 14 16 17 18 19 20
10 11 12 13 15 16 17 18 19 20
11 12 13 14 15 16 17 18 19 20
12 13 14 15 16 17 18 20
13 14 15 16 17 18 19 20
14 15 16 19 20
15 16 17 18 19 20
16 17 18 19 20
17 19 20
18 19 20
19 20
20