30 220
1 3 4 6 9 10 11 12 14 15 17 20 21 22 24 25 26
2 3 4 6 7 8 12 13 14 16 17 22 23 24 25 26
3 4 6 11 14 15 16 19 21 22 24 26 29
4 7 9 10 11 14 15 17 18 25 26 28 30
5 6 8 9 10 13 19 20 21 22 25 28
6 7 8 9 13 14 16 19 20 23 24 28 29 30
7 8 11 12 15 17 18 19 20 22 24 25 26 27 29 30
8 12 16 21 23 25 28
9 11 12 13 15 16 19 20 21 24 26 28 30
10 11 14 15 19 20 23 24 26 28 30
11 12 14 16 17 18 19 20 21 23 25 27 29 30
12 13 14 16 18 21 24 26 28 29 30
13 14 15 17 18 19 22 23 29 30
14 15 17 21 23 24 25 30
15 16 27 29
16 19 20 21 24 25 26 28 30
17 19 22 23 24 25 26 28 29
18 19 20 22 24 26 27 28 29
19 20 21 22 23 25 28 30
20 21 22 23 24 25 26 27 28 30
21 22 23 24 25
22 26 29 30
23 29
24 27 28
25 26 27 28 29
26 30
27
28 29
29
30