30 301
1 2 3 6 7 10 13 14 15 16 18 19 20 21 23 24 25 26 27 28 29 30
2 3 5 6 9 10 12 14 16 17 18 19 21 24 27 28 30
3 4 5 6 7 9 11 12 13 14 15 16 17 18 19 20 21 22 23 24 26 27 28 30
4 5 6 7 8 9 10 11 13 14 15 16 17 22 23 24 25 26 27 28 30
5 6 7 9 10 11 12 13 14 15 16 17 18 20 22 25 26 28 29 30
6 7 8 9 11 14 15 18 20 21 23 25 26 27 28 29
7 8 9 12 13 14 15 17 18 19 20 21 24 25 26 30
8 9 11 12 13 14 16 17 18 19 20 21 22 26 27 28 29
9 10 11 12 14 16 17 18 19 20 21 22 25 27 28
10 11 12 13 14 15 16 17 18 19 20 23 24 29 30
11 14 15 16 18 19 20 21 23 24 25 26 27 28 29 30
12 13 15 16 20 21 22 23 24 25 27 28 29
13 14 15 17 19 20 21 25 26 27 30
14 17 20 21 22 23 25 26 28 29 30
15 17 18 19 21 22 23 25 26 27 28 29 30
16 17 18 20 24 25 27 28 29
17 18 20 21 25 27 28 29
18 19 21 22 23 24 26 27 28 30
19 23 25 26 27 28 29 30
20 21 22 24 25 26 28 30
21 22 23 24 25 27 28 29
22 23 24 25 27 28
23 24 27 28 30
24 26 27 28 30
25 27 28 29 30
26 27 29 30
27 28 29 30
28 29
29
30