50 591
1 3 5 6 7 9 10 12 14 17 18 19 20 21 26 27 29 35 36 40 42 45 46 47 48
2 4 5 9 11 13 14 15 18 20 22 23 25 26 28 30 31 36 37 38 39 41 45 46 47 50
3 4 5 6 7 8 9 12 13 17 18 20 26 32 39 42 43 44 45 49 50
4 5 6 8 9 10 13 16 17 19 20 21 22 23 24 29 31 33 39 42 44 46 47 48 49
5 8 10 11 16 17 24 29 32 33 35 38 39 41 42 43 44 45 47 49 50
6 7 8 12 13 15 17 18 21 25 26 27 31 34 36 40 42 44 47
7 8 9 14 16 17 19 21 22 23 25 26 29 30 31 32 33 34 35 36 38 39 44 46 47 49 50
8 11 15 18 19 20 21 22 24 25 26 28 33 34 35 36 37 38 39 42 45 47
9 12 13 14 17 19 21 23 26 28 29 30 31 32 33 35 37 39 40 41 42 43 44 49
10 11 12 13 15 16 17 18 25 26 27 28 29 31 33 34 37 39 40 41 42 44 45 50
11 15 16 20 21 25 27 28 29 30 31 32 33 36 37 38 46 47
12 14 15 18 19 21 23 25 26 27 28 29 32 33 34 35 38 40 41 42 43 48 49 50
13 16 17 19 21 24 25 26 28 31 37 39 40 41 42 43 45 46 47 50
14 16 18 22 23 25 26 27 29 30 32 33 35 39 40 41 44 47 48 49
15 16 18 23 25 26 27 29 31 32 35 37 40 45 46 50
16 17 19 21 22 24 26 27 28 31 33 37 38 40 42 45 47
17 18 19 21 25 26 31 32 35 37 42 43 45 46 47 48
18 19 20 21 23 24 26 28 35 41 43 46 47
19 21 26 27 32 33 34 38 40 41 42 44 45 46 47
20 21 22 24 25 26 33 36 39 41 43 44 47 49
21 22 24 25 26 27 28 30 31 32 33 34 37 38 39 43 47
22 23 25 26 29 32 34 36 38 41 42 43 44 45 47 48
23 24 27 28 30 35 44 45 46 47 48 49 50
24 26 30 31 34 35 39 40 42 46 48 50
25 27 32 34 35 36 38 39 40 43 44 45 46 47 48
26 27 28 29 31 32 33 37 38 40 41 42 43 44 49
27 30 31 34 36 37 39 41 47 49
28 31 35 38 40 44 45
29 35 36 37 38 39 43 44 45 47 49 50
30 31 32 33 38 39 42 43 44 45 47 49
31 32 38 39 40 42 43 44 48 50
32 37 39
33 36 42 43 44 45 46 47 48
34 35 36 39 41 42 43 45 48 49 50
35 36 37 38 40 41 42 44 46 47 48 49 50
36 38 39 40 41 42 45 46 47
37 40 42 44 48 50
38 39 40 45 50
39 41 42 44 45 47 48 50
40 42 44 45 50
41 43
42 44 47 48
43 44 47 48
44 46 49
45 46 47 48
46 49
47 48
48 49 50
49
50