40 378
1 6 7 12 15 16 19 20 22 23 25 31 33 34 35 39
2 4 5 6 7 9 10 11 13 14 16 17 20 22 25 26 27 29 31 34 35 38
3 4 8 9 10 12 14 16 17 21 23 24 28 32 33 39
4 6 7 8 9 12 15 17 22 23 24 25 30 31 32 33 35 38 39
5 12 13 14 16 17 19 21 22 24 25 26 27 28 31 33 34 36 37 39
6 9 10 11 12 13 15 19 21 22 23 24 25 26 29 31 32 36 38
7 8 10 11 14 17 18 19 20 21 22 23 25 27 30 32 33 34 38 40
8 9 10 11 12 13 17 18 19 21 22 25 26 29 35 36 38 39 40
9 12 13 15 16 17 21 23 26 27 28 30 31 32 34 35 37 38
10 14 15 16 17 18 20 27 28 32 33 34 36 37 39
11 12 13 16 18 20 21 23 28 29 31 33 36 38 40
12 13 16 17 23 24 25 26 27 28 29 30 31 32 36
13 18 19 23 24 25 28 30 32 34 35 37 39 40
14 16 20 21 22 26 29 30 31 34 36 38 40
15 16 19 20 21 22 23 26 28 29 30 32 33 34 36 38
16 18 21 23 24 27 28 29 33 35
17 19 20 23 24 25 28 30 31 32 33 36 37 38 40
18 20 21 22 23 24 26 27 28 29 31 33 35 36 37 38 40
19 20 22 30 31 32 34 36 37 39 40
20 21 22 25 26 27 28 32 35 39
21 24 25 26 27 28 29 31 32 33 34
22 23 25 27 29 32 34 35 37 38 39
23 27 29 34 35 38
24 26 27 33 35 37 39
25 26 28 31 33 35 39
26 27 32 35 36
27 28 31 32 33 35 36 38
28 31 34 35 36
29 32 33 34 35 38
30 32 33 40
31 32 38 40
32 36 37 40
33 35 39 40
34 36 40
35 36 40
36 37 39
37 38 39
38
39 40
40