30 207
1 3 6 10 11 12 14 18 19 20 22 24 25 26 28 29
2 7 11 12 13 14 15 16 17 19 20 21 23 25 26 27 28 30
3 9 10 11 12 17 19 22 23 28 29
4 5 12 13 14 15 18 20 21 22 23 24 25 26 28
5 6 8 9 10 11 12 16 17 18 20 21 23 29 30
6 13 14 15 17 20 21 22 24 25 27 28
7 9 12 15 18 19 23 24 28
8 9 11 13 14 15 16 17 23 26 27 28 29
9 11 12 13 14 17 19 20 21 23 24 30
10 12 13 14 17 20 22 28 30
11 15 16 19 20 22 24 25 26 27 28 30
12 13 14 15 26 27
13 15 16 18 20 21 22 23 25 27
14 15 16 21 23 24 25 28 29 30
15 16 17 21 25 26 29
16 24 26 28 29 30
17 20 21 22 23
18 20 23 29
19 22 23 25 27 29
20 22 25 26 29 30
21 23 24 26 27 28 30
22 23 24 27 29
23 26 27 29 30
24 25 27 28
25
26 29 30
27 28 29 30
28 29 30
29 30
30