30 144
1 2 10 15 25 27 28
2 3 4 6 9 13 18 19 20 22
3 5 7 9 12 13 14 20 24 25 27 29 30
4 5 7 10 12 14 19 21 24
5 8 9 14 15 19 25 28
6 8 9 10 11 12 14 16 17 19 22 26 27 29
7 11 12 16 23 24 25 28 29
8 9 11 16 19 24 25
9 10 11 13 14 17 27
10 11 12 18 24 27 28 29
11 14 17 18 23 26
12 13 16 21 23 24 25 26 27 28 30
13 19 22 27 29 30
14 19 25 27 28
15 16 18 19 26 28
16 17 18 24 26 28 29
17 18 19 27
18 20 27
19 28
20 22 25 27
21 22 28 30
22 27
23 24 26 27 28
24 25 26 29 30
25 26 27 30
26 29
27 29
28 29
29
30