40 232
1 3 8 9 13 14 15 19 22 25 32 35 36
2 3 4 6 8 10 16 17 23 28 32 35
3 5 8 10 11 16 19 22 27 29 31 38
4 10 15 22 23 26 28 31 32 34 35 37
5 6 9 10 13 15 16 18 20 23 25 29 34 37
6 7 14 18 21 22 23 26 28 33 34 36 38
7 10 11 22 27 31 34 40
8 11 12 18 23 28 29 30 31 36 40
9 11 15 19 22 25 30 33 40
10 12 15 16 19 23 26
11 16 21 28 31
12 21 23 26 27 28 39
13 17 19 22 28 29 32 33 34 35 36
14 17 19 21 22 26 30 32 33 34 36
15 16 20 24 26 28 29 32 33 34 36 39
16 20 22 23 25 31 32 33 35
17 19 24 27 33 35 36
18 20 24 25 28 33 35
19 21 23 28 33 38 39
20 22 24 27 29 30 39
21 22 30 35 38 39 40
22 27 31 37 40
23 24 29 32 33
24 25 33 34
25 27 30 33 35 38
26 28 30 33 34 36 37 40
27 29 31 32 34 37 38 40
28 29 30 34 37 40
29 33 39
30 40
31 39
32 33 35 37
33 34 35 38
34 37
35 37 38 39
36 38
37
38 39 40
39
40